2.206560134887695312e+00 9.116779999999999884e-01
2.406527042388916016e+00 1.791179999999999994e-01
2.606571197509765625e+00 7.562799999999999523e-01
2.806730985641479492e+00 7.091520000000000046e-01
3.006600141525268555e+00 1.200179999999999997e-01
3.206628084182739258e+00 5.909189999999999721e-01
3.406579971313476562e+00 8.219459999999999544e-01
3.606520175933837891e+00 5.190169999999999506e-01
3.806658983230590820e+00 4.522909999999999986e-01
4.006586074829101562e+00 2.748289999999999900e-01
4.206783056259155273e+00 5.049339999999999939e-01
4.406618118286132812e+00 6.722970000000000335e-01
4.606513023376464844e+00 2.838260000000000227e-01
4.810276985168457031e+00 8.237579999999999902e-01
5.007769107818603516e+00 5.858139999999999459e-01
5.206605195999145508e+00 6.285999999999999921e-03
5.406524181365966797e+00 3.224069999999999991e-01
5.606611967086791992e+00 4.431300000000000239e-01
5.806621074676513672e+00 8.251730000000000453e-01
6.007605075836181641e+00 9.210589999999999611e-01
6.207054138183593750e+00 1.944140000000000035e-01
6.406546115875244141e+00 7.184199999999999475e-01
6.606528997421264648e+00 4.940840000000000232e-01
6.806632995605468750e+00 2.420100000000000029e-01
7.006606101989746094e+00 8.245489999999999764e-01
7.206606149673461914e+00 4.437099999999999933e-01
7.406532049179077148e+00 1.856639999999999957e-01
7.606614112854003906e+00 3.873900000000000260e-02
7.806639194488525391e+00 4.478420000000000178e-01
8.006816148757934570e+00 2.268149999999999888e-01
8.206793069839477539e+00 6.470299999999999940e-01
8.406530141830444336e+00 2.026000000000000023e-03
8.606528997421264648e+00 2.162830000000000030e-01
8.806612014770507812e+00 5.451110000000000122e-01
9.006615161895751953e+00 7.181800000000000406e-01
9.207408189773559570e+00 8.645049999999999679e-01
9.406645059585571289e+00 8.036320000000000130e-01
9.606649160385131836e+00 5.066060000000000008e-01
9.806715965270996094e+00 3.531200000000000311e-02
1.000661015510559082e+01 3.046019999999999839e-01
1.020686912536621094e+01 5.194490000000000496e-01
1.040668416023254395e+01 4.624659999999999882e-01
1.060661911964416504e+01 4.043590000000000240e-01
1.080660510063171387e+01 7.385119999999999463e-01
1.100663208961486816e+01 1.110860000000000042e-01
1.120664596557617188e+01 1.014219999999999983e-01
1.140657520294189453e+01 5.316899999999999959e-01
1.160662817955017090e+01 1.560660000000000103e-01
1.180659914016723633e+01 7.062310000000000532e-01
1.200659918785095215e+01 4.869499999999999940e-01
1.220665001869201660e+01 9.527930000000000010e-01
1.240660905838012695e+01 5.143489999999999451e-01
1.260652017593383789e+01 5.631439999999999779e-01
1.280661606788635254e+01 1.638120000000000132e-01
1.300686597824096680e+01 8.028530000000000388e-01
1.320665597915649414e+01 3.463649999999999785e-01
1.340665817260742188e+01 5.598159999999999803e-01
1.360654020309448242e+01 9.039749999999999730e-01
1.382620596885681152e+01 4.943499999999999978e-02
1.402893614768981934e+01 1.056299999999999947e-02
1.420657420158386230e+01 9.054990000000000538e-01
1.440653300285339355e+01 6.389249999999999652e-01
1.461595797538757324e+01 5.961899999999999977e-01
1.480657315254211426e+01 3.595130000000000270e-01
1.502633810043334961e+01 8.287010000000000209e-01
1.521912813186645508e+01 9.686299999999999910e-01
1.542543411254882812e+01 2.077249999999999930e-01
1.564431619644165039e+01 9.869090000000000362e-01
1.580655217170715332e+01 7.241779999999999884e-01
1.600654697418212891e+01 2.191629999999999967e-01
1.620660209655761719e+01 4.449839999999999907e-01
1.640658116340637207e+01 3.124109999999999943e-01
1.660654902458190918e+01 8.192399999999999682e-01
1.680654597282409668e+01 4.759639999999999982e-01
1.700660610198974609e+01 4.152609999999999912e-01
1.720655798912048340e+01 8.385799999999999921e-01
1.740662717819213867e+01 5.989849999999999897e-01
1.760654711723327637e+01 5.786869999999999514e-01
1.780653309822082520e+01 9.733020000000000005e-01
1.800653719902038574e+01 3.938670000000000226e-01
1.820660400390625000e+01 2.522460000000000258e-01
1.840652418136596680e+01 7.381799999999999473e-02
1.860656118392944336e+01 7.709129999999999594e-01
1.880653500556945801e+01 1.886210000000000109e-01
1.900651597976684570e+01 6.359639999999999738e-01
1.920658802986145020e+01 7.303140000000000187e-01
1.940676498413085938e+01 7.702179999999999582e-01
1.960661602020263672e+01 2.189889999999999892e-01
1.981569004058837891e+01 1.702440000000000064e-01
2.000651311874389648e+01 7.139980000000000215e-01
2.020656013488769531e+01 5.920480000000000187e-01
2.040661811828613281e+01 5.849079999999999835e-01
2.060667610168457031e+01 6.233100000000000307e-01
2.082100009918212891e+01 6.803730000000000055e-01
2.103335404396057129e+01 5.713529999999999998e-01
2.122196316719055176e+01 9.937810000000000255e-01
2.140663599967956543e+01 5.672989999999999977e-01
2.163247013092041016e+01 1.676729999999999887e-01
2.180661797523498535e+01 1.223660000000000025e-01
2.200652217864990234e+01 4.171159999999999868e-01
2.220660209655761719e+01 1.681640000000000079e-01
2.240656614303588867e+01 2.794909999999999894e-01
2.260654115676879883e+01 5.186399999999999899e-01
2.280694699287414551e+01 6.007149999999999990e-01
2.300652408599853516e+01 2.986779999999999990e-01
2.320713019371032715e+01 5.322320000000000384e-01
2.340658998489379883e+01 4.794500000000000151e-02
2.360765910148620605e+01 4.811969999999999859e-01
2.384227013587951660e+01 8.830499999999999461e-02
2.402168512344360352e+01 9.301899999999999613e-01
2.420660805702209473e+01 5.437260000000000426e-01
2.440658307075500488e+01 9.657989999999999631e-01
2.460662412643432617e+01 3.907000000000000056e-02
2.480660605430603027e+01 4.878399999999999959e-01
2.500654911994934082e+01 2.467159999999999909e-01
2.520653700828552246e+01 1.735819999999999863e-01
2.541056704521179199e+01 5.467980000000000063e-01
2.560664105415344238e+01 6.003530000000000255e-01
2.580661106109619141e+01 9.955979999999999830e-01
2.600660204887390137e+01 5.893760000000000110e-01
2.620654797554016113e+01 1.082909999999999984e-01
2.640660715103149414e+01 7.247860000000000413e-01
2.660680818557739258e+01 5.395699999999999941e-01
2.680681800842285156e+01 6.520080000000000320e-01
2.700657916069030762e+01 5.556060000000000443e-01
2.720686316490173340e+01 1.683520000000000016e-01
2.740660905838012695e+01 7.155979999999999563e-01
2.760661697387695312e+01 7.732609999999999761e-01
2.780682611465454102e+01 7.018100000000000449e-01
2.800660705566406250e+01 4.512309999999999932e-01
2.820659303665161133e+01 4.744289999999999896e-01
2.840663313865661621e+01 7.710979999999999501e-01
2.860661816596984863e+01 2.905619999999999870e-01
2.880662798881530762e+01 6.589350000000000485e-01
2.900661706924438477e+01 4.010050000000000003e-01
2.920677304267883301e+01 5.295889999999999764e-01
2.940660214424133301e+01 2.572710000000000274e-01
2.960664200782775879e+01 4.404040000000000177e-01
2.980663013458251953e+01 7.759000000000000341e-01
3.000687718391418457e+01 1.797199999999999839e-02
3.020661807060241699e+01 6.847399999999999320e-02
3.040665507316589355e+01 4.307159999999999878e-01
3.060658001899719238e+01 1.377130000000000021e-01
3.080652499198913574e+01 3.888490000000000002e-01
3.100660705566406250e+01 4.017899999999999805e-01
3.120656919479370117e+01 8.841890000000000027e-01
3.140661501884460449e+01 6.718150000000000510e-01
3.160660600662231445e+01 6.501789999999999514e-01
3.180660414695739746e+01 9.983619999999999717e-01
3.200661706924438477e+01 5.380270000000000330e-01
3.220659613609313965e+01 5.048179999999999890e-01
3.240659904479980469e+01 7.834160000000000013e-01
3.260662412643432617e+01 7.484899999999999887e-02
3.280660200119018555e+01 5.669500000000000234e-02
3.300661110877990723e+01 2.955949999999999966e-01
3.320658016204833984e+01 8.419149999999999689e-01
3.340656208992004395e+01 2.973100000000000187e-01
3.360663700103759766e+01 1.455069999999999975e-01
3.380671119689941406e+01 4.825300000000000145e-01
3.400668907165527344e+01 8.842659999999999965e-01
3.420666813850402832e+01 9.758499999999999952e-01
3.440665912628173828e+01 9.456059999999999466e-01
