2.206560134887695312e+00 5.699300000000000477e-01
2.406527042388916016e+00 3.110200000000000117e-02
2.606571197509765625e+00 9.264360000000000372e-01
2.806730985641479492e+00 6.479380000000000139e-01
3.006600141525268555e+00 7.137440000000000451e-01
3.206628084182739258e+00 4.446900000000000158e-02
3.406579971313476562e+00 2.458009999999999917e-01
3.606520175933837891e+00 6.847039999999999793e-01
3.806658983230590820e+00 1.537030000000000063e-01
4.006586074829101562e+00 7.114850000000000341e-01
4.206783056259155273e+00 3.583700000000000080e-02
4.406618118286132812e+00 4.191309999999999758e-01
4.606513023376464844e+00 2.487129999999999896e-01
4.810276985168457031e+00 8.828749999999999654e-01
5.007769107818603516e+00 3.962160000000000126e-01
5.206605195999145508e+00 2.781779999999999808e-01
5.406524181365966797e+00 8.404350000000000431e-01
5.606611967086791992e+00 5.684999999999999776e-02
5.806621074676513672e+00 9.449549999999999894e-01
6.007605075836181641e+00 8.638010000000000410e-01
6.207054138183593750e+00 8.362540000000000529e-01
6.406546115875244141e+00 8.170589999999999797e-01
6.606528997421264648e+00 9.507100000000000550e-01
6.806632995605468750e+00 5.226920000000000455e-01
7.006606101989746094e+00 8.715889999999999471e-01
7.206606149673461914e+00 1.893779999999999908e-01
7.406532049179077148e+00 4.805280000000000107e-01
7.606614112854003906e+00 9.724920000000000231e-01
7.806639194488525391e+00 7.814489999999999492e-01
8.006816148757934570e+00 1.278859999999999997e-01
8.206793069839477539e+00 4.295919999999999739e-01
8.406530141830444336e+00 4.338449999999999807e-01
8.606528997421264648e+00 8.191079999999999472e-01
8.806612014770507812e+00 9.964960000000000484e-01
9.006615161895751953e+00 4.792440000000000033e-01
9.207408189773559570e+00 7.611620000000000053e-01
9.406645059585571289e+00 8.234280000000000488e-01
9.606649160385131836e+00 9.735759999999999970e-01
9.806715965270996094e+00 4.487559999999999882e-01
1.000661015510559082e+01 7.522099999999999620e-02
1.020686912536621094e+01 4.542519999999999891e-01
1.040668416023254395e+01 1.708699999999999941e-01
1.060661911964416504e+01 1.471210000000000018e-01
1.080660510063171387e+01 8.699240000000000306e-01
1.100663208961486816e+01 5.057709999999999706e-01
1.120664596557617188e+01 5.168179999999999996e-01
1.140657520294189453e+01 9.541299999999999781e-02
1.160662817955017090e+01 8.362610000000000321e-01
1.180659914016723633e+01 4.958679999999999755e-01
1.200659918785095215e+01 1.882959999999999912e-01
1.220665001869201660e+01 2.139260000000000050e-01
1.240660905838012695e+01 5.668729999999999603e-01
1.260652017593383789e+01 1.627770000000000050e-01
1.280661606788635254e+01 7.269989999999999508e-01
1.300686597824096680e+01 3.911660000000000137e-01
1.320665597915649414e+01 8.590959999999999708e-01
1.340665817260742188e+01 7.435049999999999715e-01
1.360654020309448242e+01 9.186330000000000329e-01
1.382620596885681152e+01 7.624039999999999706e-01
1.402893614768981934e+01 1.442779999999999896e-01
1.420657420158386230e+01 7.295490000000000030e-01
1.440653300285339355e+01 6.017900000000000332e-02
1.461595797538757324e+01 6.750209999999999821e-01
1.480657315254211426e+01 8.723260000000000458e-01
1.502633810043334961e+01 2.168289999999999940e-01
1.521912813186645508e+01 5.430519999999999792e-01
1.542543411254882812e+01 5.356600000000000250e-01
1.564431619644165039e+01 5.531960000000000210e-01
1.580655217170715332e+01 8.893020000000000369e-01
1.600654697418212891e+01 1.905999999999999925e-03
1.620660209655761719e+01 1.423979999999999968e-01
1.640658116340637207e+01 3.902530000000000165e-01
1.660654902458190918e+01 9.123189999999999911e-01
1.680654597282409668e+01 1.498929999999999985e-01
1.700660610198974609e+01 7.270109999999999628e-01
1.720655798912048340e+01 5.161879999999999802e-01
1.740662717819213867e+01 4.266960000000000197e-01
1.760654711723327637e+01 1.793109999999999982e-01
1.780653309822082520e+01 1.825299999999999978e-01
1.800653719902038574e+01 8.322469999999999590e-01
1.820660400390625000e+01 1.409890000000000032e-01
1.840652418136596680e+01 6.434959999999999569e-01
1.860656118392944336e+01 1.529900000000000010e-02
1.880653500556945801e+01 2.688220000000000054e-01
1.900651597976684570e+01 8.748699999999999533e-02
1.920658802986145020e+01 2.376580000000000081e-01
1.940676498413085938e+01 8.019699999999999607e-01
1.960661602020263672e+01 2.576550000000000229e-01
1.981569004058837891e+01 3.569769999999999888e-01
2.000651311874389648e+01 8.966840000000000366e-01
2.020656013488769531e+01 9.960849999999999982e-01
2.040661811828613281e+01 3.508430000000000160e-01
2.060667610168457031e+01 2.743630000000000235e-01
2.082100009918212891e+01 6.184009999999999785e-01
2.103335404396057129e+01 7.452180000000000470e-01
2.122196316719055176e+01 2.163120000000000043e-01
2.140663599967956543e+01 5.954180000000000028e-01
2.163247013092041016e+01 9.833020000000000094e-01
2.180661797523498535e+01 4.362789999999999724e-01
2.200652217864990234e+01 8.132390000000000452e-01
2.220660209655761719e+01 5.992840000000000389e-01
2.240656614303588867e+01 8.606900000000000661e-02
2.260654115676879883e+01 1.765299999999999855e-02
2.280694699287414551e+01 7.000969999999999693e-01
2.300652408599853516e+01 5.771089999999999831e-01
2.320713019371032715e+01 6.516119999999999690e-01
2.340658998489379883e+01 4.792879999999999918e-01
2.360765910148620605e+01 3.708980000000000055e-01
2.384227013587951660e+01 4.798760000000000248e-01
2.402168512344360352e+01 9.848369999999999624e-01
2.420660805702209473e+01 3.925669999999999993e-01
2.440658307075500488e+01 1.457730000000000137e-01
2.460662412643432617e+01 8.417029999999999790e-01
2.480660605430603027e+01 4.492729999999999779e-01
2.500654911994934082e+01 7.899460000000000370e-01
2.520653700828552246e+01 4.949569999999999803e-01
2.541056704521179199e+01 6.699819999999999665e-01
2.560664105415344238e+01 3.887299999999999783e-02
2.580661106109619141e+01 2.231869999999999965e-01
2.600660204887390137e+01 4.231260000000000021e-01
2.620654797554016113e+01 8.575800000000000090e-02
2.640660715103149414e+01 1.787860000000000005e-01
2.660680818557739258e+01 9.204759999999999609e-01
2.680681800842285156e+01 8.404509999999999481e-01
2.700657916069030762e+01 4.150299999999999823e-02
2.720686316490173340e+01 8.910540000000000127e-01
2.740660905838012695e+01 1.083149999999999946e-01
2.760661697387695312e+01 7.758209999999999829e-01
2.780682611465454102e+01 1.767789999999999917e-01
2.800660705566406250e+01 2.838840000000000252e-01
2.820659303665161133e+01 6.996299999999999741e-01
2.840663313865661621e+01 8.083909999999999707e-01
2.860661816596984863e+01 3.403800000000000159e-01
2.880662798881530762e+01 4.297449999999999881e-01
2.900661706924438477e+01 5.130569999999999853e-01
2.920677304267883301e+01 5.709159999999999791e-01
2.940660214424133301e+01 8.543260000000000298e-01
2.960664200782775879e+01 9.128260000000000263e-01
2.980663013458251953e+01 1.480740000000000112e-01
3.000687718391418457e+01 9.592599999999999738e-02
3.020661807060241699e+01 8.670489999999999586e-01
3.040665507316589355e+01 7.475990000000000135e-01
3.060658001899719238e+01 4.067930000000000157e-01
3.080652499198913574e+01 6.707699999999999774e-02
3.100660705566406250e+01 6.164100000000000135e-02
3.120656919479370117e+01 4.624090000000000145e-01
3.140661501884460449e+01 8.074860000000000371e-01
3.160660600662231445e+01 3.036730000000000262e-01
3.180660414695739746e+01 7.631449999999999623e-01
3.200661706924438477e+01 1.565749999999999920e-01
3.220659613609313965e+01 4.565239999999999854e-01
3.240659904479980469e+01 2.256209999999999882e-01
3.260662412643432617e+01 5.500500000000000389e-01
3.280660200119018555e+01 7.911569999999999991e-01
3.300661110877990723e+01 3.467919999999999892e-01
3.320658016204833984e+01 6.203899999999999970e-01
3.340656208992004395e+01 1.137110000000000065e-01
3.360663700103759766e+01 4.745849999999999791e-01
3.380671119689941406e+01 3.092999999999999916e-02
3.400668907165527344e+01 3.047839999999999994e-01
3.420666813850402832e+01 8.358529999999999571e-01
3.440665912628173828e+01 8.045940000000000314e-01
