2.206560134887695312e+00 2.186879999999999935e-01
2.406527042388916016e+00 6.698199999999999987e-02
2.606571197509765625e+00 4.542619999999999991e-01
2.806730985641479492e+00 1.685589999999999866e-01
3.006600141525268555e+00 9.524099999999999788e-01
3.206628084182739258e+00 7.749639999999999862e-01
3.406579971313476562e+00 5.830340000000000522e-01
3.606520175933837891e+00 2.601849999999999996e-01
3.806658983230590820e+00 3.871569999999999734e-01
4.006586074829101562e+00 6.790760000000000129e-01
4.206783056259155273e+00 5.879910000000000414e-01
4.406618118286132812e+00 6.283180000000000431e-01
4.606513023376464844e+00 7.515800000000000258e-01
4.810276985168457031e+00 7.988399999999999945e-01
5.007769107818603516e+00 9.818230000000000013e-01
5.206605195999145508e+00 1.359489999999999865e-01
5.406524181365966797e+00 2.248759999999999926e-01
5.606611967086791992e+00 9.072540000000000049e-01
5.806621074676513672e+00 7.596999999999999587e-02
6.007605075836181641e+00 2.894430000000000058e-01
6.207054138183593750e+00 7.392429999999999835e-01
6.406546115875244141e+00 6.747279999999999944e-01
6.606528997421264648e+00 8.396399999999999697e-02
6.806632995605468750e+00 9.705089999999999550e-01
7.006606101989746094e+00 2.652680000000000038e-01
7.206606149673461914e+00 9.187199999999999811e-01
7.406532049179077148e+00 8.803360000000000074e-01
7.606614112854003906e+00 7.862360000000000460e-01
7.806639194488525391e+00 6.650209999999999733e-01
8.006816148757934570e+00 5.671799999999999758e-02
8.206793069839477539e+00 1.498250000000000137e-01
8.406530141830444336e+00 4.007310000000000039e-01
8.606528997421264648e+00 4.013010000000000188e-01
8.806612014770507812e+00 8.339229999999999698e-01
9.006615161895751953e+00 1.258670000000000067e-01
9.207408189773559570e+00 6.709509999999999641e-01
9.406645059585571289e+00 2.278380000000000127e-01
9.606649160385131836e+00 6.695590000000000153e-01
9.806715965270996094e+00 1.018850000000000033e-01
1.000661015510559082e+01 6.614000000000000087e-03
1.020686912536621094e+01 1.625119999999999898e-01
1.040668416023254395e+01 2.522929999999999895e-01
1.060661911964416504e+01 4.061109999999999998e-01
1.080660510063171387e+01 5.581469999999999487e-01
1.100663208961486816e+01 7.084460000000000202e-01
1.120664596557617188e+01 7.073990000000000000e-01
1.140657520294189453e+01 3.661299999999999971e-02
1.160662817955017090e+01 9.437780000000000058e-01
1.180659914016723633e+01 5.583120000000000305e-01
1.200659918785095215e+01 1.420279999999999876e-01
1.220665001869201660e+01 1.156029999999999974e-01
1.240660905838012695e+01 6.312510000000000066e-01
1.260652017593383789e+01 4.340939999999999799e-01
1.280661606788635254e+01 6.082929999999999726e-01
1.300686597824096680e+01 8.126689999999999747e-01
1.320665597915649414e+01 4.279029999999999778e-01
1.340665817260742188e+01 8.261209999999999942e-01
1.360654020309448242e+01 2.113990000000000036e-01
1.382620596885681152e+01 8.179170000000000051e-01
1.402893614768981934e+01 1.569999999999999868e-02
1.420657420158386230e+01 6.303849999999999731e-01
1.440653300285339355e+01 8.280089999999999950e-01
1.461595797538757324e+01 2.773450000000000082e-01
1.480657315254211426e+01 5.504329999999999501e-01
1.502633810043334961e+01 5.453130000000000477e-01
1.521912813186645508e+01 6.580700000000000438e-01
1.542543411254882812e+01 9.374329999999999607e-01
1.564431619644165039e+01 2.108079999999999954e-01
1.580655217170715332e+01 2.294690000000000063e-01
1.600654697418212891e+01 2.355130000000000001e-01
1.620660209655761719e+01 5.278549999999999631e-01
1.640658116340637207e+01 4.715809999999999724e-01
1.660654902458190918e+01 7.902280000000000415e-01
1.680654597282409668e+01 6.821369999999999933e-01
1.700660610198974609e+01 6.078989999999999672e-01
1.720655798912048340e+01 8.031949999999999923e-01
1.740662717819213867e+01 7.017500000000000127e-02
1.760654711723327637e+01 6.708979999999999944e-01
1.780653309822082520e+01 4.832290000000000196e-01
1.800653719902038574e+01 5.455119999999999969e-01
1.820660400390625000e+01 7.025430000000000286e-01
1.840652418136596680e+01 2.628820000000000046e-01
1.860656118392944336e+01 3.597639999999999727e-01
1.880653500556945801e+01 1.077800000000000008e-01
1.900651597976684570e+01 5.046899999999999720e-01
1.920658802986145020e+01 8.038800000000000112e-02
1.940676498413085938e+01 8.971839999999999815e-01
1.960661602020263672e+01 6.329899999999999416e-02
1.981569004058837891e+01 6.345300000000000384e-01
2.000651311874389648e+01 3.635280000000000178e-01
2.020656013488769531e+01 4.629289999999999794e-01
2.040661811828613281e+01 8.410069999999999490e-01
2.060667610168457031e+01 6.651820000000000510e-01
2.082100009918212891e+01 1.894470000000000043e-01
2.103335404396057129e+01 7.728589999999999627e-01
2.122196316719055176e+01 1.487249999999999961e-01
2.140663599967956543e+01 4.335390000000000077e-01
2.163247013092041016e+01 3.744370000000000198e-01
2.180661797523498535e+01 2.571080000000000032e-01
2.200652217864990234e+01 4.106770000000000143e-01
2.220660209655761719e+01 1.879730000000000012e-01
2.240656614303588867e+01 9.429530000000000411e-01
2.260654115676879883e+01 7.268329999999999513e-01
2.280694699287414551e+01 1.803770000000000095e-01
2.300652408599853516e+01 4.046839999999999882e-01
2.320713019371032715e+01 3.325290000000000190e-01
2.340658998489379883e+01 9.972929999999999851e-01
2.360765910148620605e+01 9.834700000000000386e-02
2.384227013587951660e+01 6.580880000000000063e-01
2.402168512344360352e+01 5.654339999999999922e-01
2.420660805702209473e+01 7.490339999999999776e-01
2.440658307075500488e+01 7.435929999999999485e-01
2.460662412643432617e+01 6.433550000000000102e-01
2.480660605430603027e+01 5.425560000000000382e-01
2.500654911994934082e+01 5.344419999999999726e-01
2.520653700828552246e+01 6.924869999999999637e-01
2.541056704521179199e+01 1.958340000000000081e-01
2.560664105415344238e+01 4.525199999999999778e-01
2.580661106109619141e+01 6.452870000000000550e-01
2.600660204887390137e+01 2.128190000000000082e-01
2.620654797554016113e+01 9.806040000000000312e-01
2.640660715103149414e+01 1.752350000000000019e-01
2.660680818557739258e+01 3.211149999999999838e-01
2.680681800842285156e+01 3.472979999999999956e-01
2.700657916069030762e+01 4.801830000000000265e-01
2.720686316490173340e+01 9.953999999999999307e-03
2.740660905838012695e+01 5.500909999999999966e-01
2.760661697387695312e+01 7.834499999999999797e-02
2.780682611465454102e+01 8.466700000000000337e-01
2.800660705566406250e+01 8.978460000000000329e-01
2.820659303665161133e+01 7.552459999999999729e-01
2.840663313865661621e+01 9.952539999999999720e-01
2.860661816596984863e+01 9.645089999999999497e-01
2.880662798881530762e+01 3.023020000000000151e-01
2.900661706924438477e+01 3.956210000000000004e-01
2.920677304267883301e+01 8.924609999999999488e-01
2.940660214424133301e+01 5.640680000000000138e-01
2.960664200782775879e+01 7.013880000000000114e-01
2.980663013458251953e+01 3.668339999999999934e-01
3.000687718391418457e+01 3.965460000000000096e-01
3.020661807060241699e+01 6.129149999999999876e-01
3.040665507316589355e+01 9.185410000000000519e-01
3.060658001899719238e+01 1.155510000000000009e-01
3.080652499198913574e+01 8.488999999999999324e-02
3.100660705566406250e+01 5.117180000000000062e-01
3.120656919479370117e+01 2.813350000000000017e-01
3.140661501884460449e+01 9.086819999999999897e-01
3.160660600662231445e+01 4.455160000000000231e-01
3.180660414695739746e+01 9.365130000000000399e-01
3.200661706924438477e+01 5.479209999999999914e-01
3.220659613609313965e+01 1.697299999999999920e-01
3.240659904479980469e+01 3.455940000000000123e-01
3.260662412643432617e+01 2.950079999999999925e-01
3.280660200119018555e+01 5.450760000000000050e-01
3.300661110877990723e+01 1.732899999999999996e-01
3.320658016204833984e+01 3.229779999999999873e-01
3.340656208992004395e+01 9.456860000000000266e-01
3.360663700103759766e+01 3.386629999999999918e-01
3.380671119689941406e+01 1.708139999999999936e-01
3.400668907165527344e+01 5.472230000000000150e-01
3.420666813850402832e+01 1.086359999999999965e-01
3.440665912628173828e+01 1.036310000000000009e-01
