2.206560134887695312e+00 6.975710000000000521e-01
2.406527042388916016e+00 8.897700000000000053e-02
2.606571197509765625e+00 9.216000000000000580e-02
2.806730985641479492e+00 4.106349999999999723e-01
3.006600141525268555e+00 4.884560000000000013e-01
3.206628084182739258e+00 1.406880000000000075e-01
3.406579971313476562e+00 5.218789999999999818e-01
3.606520175933837891e+00 6.270069999999999810e-01
3.806658983230590820e+00 4.560020000000000184e-01
4.006586074829101562e+00 7.275920000000000165e-01
4.206783056259155273e+00 5.846789999999999488e-01
4.406618118286132812e+00 7.548350000000000337e-01
4.606513023376464844e+00 2.862900000000000167e-02
4.810276985168457031e+00 3.633600000000000024e-02
5.007769107818603516e+00 8.910320000000000462e-01
5.206605195999145508e+00 5.936970000000000303e-01
5.406524181365966797e+00 4.914000000000000312e-02
5.606611967086791992e+00 7.974320000000000297e-01
5.806621074676513672e+00 9.391389999999999461e-01
6.007605075836181641e+00 9.700710000000000166e-01
6.207054138183593750e+00 7.661229999999999984e-01
6.406546115875244141e+00 2.287300000000000097e-02
6.606528997421264648e+00 7.846400000000000596e-02
6.806632995605468750e+00 6.062910000000000244e-01
7.006606101989746094e+00 8.720700000000000118e-01
7.206606149673461914e+00 4.641689999999999983e-01
7.406532049179077148e+00 3.985560000000000214e-01
7.606614112854003906e+00 8.615559999999999885e-01
7.806639194488525391e+00 8.838350000000000373e-01
8.006816148757934570e+00 6.592890000000000139e-01
8.206793069839477539e+00 1.425990000000000035e-01
8.406530141830444336e+00 3.485880000000000090e-01
8.606528997421264648e+00 6.554020000000000401e-01
8.806612014770507812e+00 2.728860000000000174e-01
9.006615161895751953e+00 8.247989999999999489e-01
9.207408189773559570e+00 3.606369999999999854e-01
9.406645059585571289e+00 6.525090000000000057e-01
9.606649160385131836e+00 3.309929999999999817e-01
9.806715965270996094e+00 7.178330000000000544e-01
1.000661015510559082e+01 5.733620000000000383e-01
1.020686912536621094e+01 3.688949999999999729e-01
1.040668416023254395e+01 9.352169999999999650e-01
1.060661911964416504e+01 2.730000000000000222e-04
1.080660510063171387e+01 1.393540000000000056e-01
1.100663208961486816e+01 4.507689999999999753e-01
1.120664596557617188e+01 4.478000000000000209e-03
1.140657520294189453e+01 3.309520000000000239e-01
1.160662817955017090e+01 9.813990000000000213e-01
1.180659914016723633e+01 9.043120000000000047e-01
1.200659918785095215e+01 6.194899999999999712e-02
1.220665001869201660e+01 7.728570000000000162e-01
1.240660905838012695e+01 7.661569999999999769e-01
1.260652017593383789e+01 2.161919999999999953e-01
1.280661606788635254e+01 7.337100000000000566e-02
1.300686597824096680e+01 3.630769999999999831e-01
1.320665597915649414e+01 9.838189999999999991e-01
1.340665817260742188e+01 4.085600000000000342e-02
1.360654020309448242e+01 1.927319999999999867e-01
1.382620596885681152e+01 3.491420000000000079e-01
1.402893614768981934e+01 8.290340000000000487e-01
1.420657420158386230e+01 8.184860000000000468e-01
1.440653300285339355e+01 6.977060000000000484e-01
1.461595797538757324e+01 8.812600000000000433e-01
1.480657315254211426e+01 5.606529999999999569e-01
1.502633810043334961e+01 4.863660000000000205e-01
1.521912813186645508e+01 9.350289999999999990e-01
1.542543411254882812e+01 6.961079999999999490e-01
1.564431619644165039e+01 5.519000000000000294e-02
1.580655217170715332e+01 7.866269999999999651e-01
1.600654697418212891e+01 8.130849999999999467e-01
1.620660209655761719e+01 8.408579999999999943e-01
1.640658116340637207e+01 8.150079999999999547e-01
1.660654902458190918e+01 5.180350000000000232e-01
1.680654597282409668e+01 4.756529999999999925e-01
1.700660610198974609e+01 2.381870000000000098e-01
1.720655798912048340e+01 1.647079999999999933e-01
1.740662717819213867e+01 4.824490000000000167e-01
1.760654711723327637e+01 7.276620000000000310e-01
1.780653309822082520e+01 4.739079999999999959e-01
1.800653719902038574e+01 6.819279999999999786e-01
1.820660400390625000e+01 3.870399999999999952e-01
1.840652418136596680e+01 4.952840000000000020e-01
1.860656118392944336e+01 9.296339999999999604e-01
1.880653500556945801e+01 2.443210000000000104e-01
1.900651597976684570e+01 8.194989999999999775e-01
1.920658802986145020e+01 5.619269999999999543e-01
1.940676498413085938e+01 9.855840000000000156e-01
1.960661602020263672e+01 4.878859999999999864e-01
1.981569004058837891e+01 8.039830000000000032e-01
2.000651311874389648e+01 8.843499999999999972e-02
2.020656013488769531e+01 5.705810000000000048e-01
2.040661811828613281e+01 9.990189999999999904e-01
2.060667610168457031e+01 1.621650000000000036e-01
2.082100009918212891e+01 4.083149999999999835e-01
2.103335404396057129e+01 8.832680000000000531e-01
2.122196316719055176e+01 9.225300000000000167e-02
2.140663599967956543e+01 6.749319999999999764e-01
2.163247013092041016e+01 8.535190000000000277e-01
2.180661797523498535e+01 2.895360000000000156e-01
2.200652217864990234e+01 1.448309999999999875e-01
2.220660209655761719e+01 7.892489999999999783e-01
2.240656614303588867e+01 7.020549999999999846e-01
2.260654115676879883e+01 5.537999999999999590e-01
2.280694699287414551e+01 4.012330000000000063e-01
2.300652408599853516e+01 8.002700000000000369e-01
2.320713019371032715e+01 1.627879999999999883e-01
2.340658998489379883e+01 4.176949999999999830e-01
2.360765910148620605e+01 8.606859999999999511e-01
2.384227013587951660e+01 7.582520000000000371e-01
2.402168512344360352e+01 1.155609999999999971e-01
2.420660805702209473e+01 9.935180000000000122e-01
2.440658307075500488e+01 2.815639999999999810e-01
2.460662412643432617e+01 6.942610000000000170e-01
2.480660605430603027e+01 1.422849999999999948e-01
2.500654911994934082e+01 3.041789999999999772e-01
2.520653700828552246e+01 2.345889999999999920e-01
2.541056704521179199e+01 5.585280000000000244e-01
2.560664105415344238e+01 9.252599999999999714e-01
2.580661106109619141e+01 7.800369999999999804e-01
2.600660204887390137e+01 9.605829999999999647e-01
2.620654797554016113e+01 7.411299999999999832e-02
2.640660715103149414e+01 2.110589999999999966e-01
2.660680818557739258e+01 3.275800000000000239e-02
2.680681800842285156e+01 4.659860000000000113e-01
2.700657916069030762e+01 3.830500000000000016e-01
2.720686316490173340e+01 3.638629999999999920e-01
2.740660905838012695e+01 4.428900000000000059e-01
2.760661697387695312e+01 7.087719999999999576e-01
2.780682611465454102e+01 4.809800000000000186e-02
2.800660705566406250e+01 3.314449999999999896e-01
2.820659303665161133e+01 8.506249999999999645e-01
2.840663313865661621e+01 3.331250000000000044e-01
2.860661816596984863e+01 9.020679999999999810e-01
2.880662798881530762e+01 9.051860000000000461e-01
2.900661706924438477e+01 6.343370000000000397e-01
2.920677304267883301e+01 8.975140000000000340e-01
2.940660214424133301e+01 7.385400000000000298e-02
2.960664200782775879e+01 3.192670000000000230e-01
2.980663013458251953e+01 8.426169999999999494e-01
3.000687718391418457e+01 7.470999999999999863e-01
3.020661807060241699e+01 4.781159999999999854e-01
3.040665507316589355e+01 6.885660000000000114e-01
3.060658001899719238e+01 8.453270000000000506e-01
3.080652499198913574e+01 8.871679999999999566e-01
3.100660705566406250e+01 9.797709999999999475e-01
3.120656919479370117e+01 2.253229999999999955e-01
3.140661501884460449e+01 1.989569999999999950e-01
3.160660600662231445e+01 5.851349999999999607e-01
3.180660414695739746e+01 4.354540000000000077e-01
3.200661706924438477e+01 9.558240000000000069e-01
3.220659613609313965e+01 3.840459999999999985e-01
3.240659904479980469e+01 3.607670000000000043e-01
3.260662412643432617e+01 2.477570000000000050e-01
3.280660200119018555e+01 2.380230000000000123e-01
3.300661110877990723e+01 7.631999999999999895e-02
3.320658016204833984e+01 8.045689999999999786e-01
3.340656208992004395e+01 9.626749999999999474e-01
3.360663700103759766e+01 7.253400000000000125e-02
3.380671119689941406e+01 5.292820000000000302e-01
3.400668907165527344e+01 4.766299999999999981e-01
3.420666813850402832e+01 4.071170000000000067e-01
3.440665912628173828e+01 2.217719999999999969e-01
